4915565832248
4915565839530
4915168841028
4915210322091
4915563979500
4915145029707
4915168847912
4915739050172
4915168845983
4915210320598
4915215785622
4915145029731
4915215780424
4915739051821
4915563970794
4915563975612
4915563971752
4915145625159
4915210327431
4915739057503
4915168841151
4915565837441
4915210324221
4915215780317
4915210324729
4915168846767
4915565832483
4915739057765
4915145620577
4915565833292
4915215787313
4915563973392
4915563976267
4915563979437
4915565830315
4915168845526
4915739050440
4915145626869
4915215782527
4915168843560
4915145629435
4915210320330
4915145020671
4915168845962
4915168844709
4915215784009
4915145026780
4915215785097
4915565833764
4915563971932
4915168848454
4915739053392
4915739059813
4915565836520
4915145027280
4915565838295
4915210329016
4915215783752
4915565835350
4915739056464
4915215780466
4915210324229
4915565830280
4915145022364
4915168840950
4915215787811
4915215785113
4915739059171
4915565831073
4915563971514
4915210325276
4915145621525
4915215782039
4915210326689
4915145621236
4915215781668
4915563977764
4915739056292
4915210323729
4915168842074
4915563978494
4915739054459
4915565839403
4915739054778
4915168843251
4915739052301
4915215783205
4915145629402
4915215781690
4915168847112
4915565830307
4915739055086
4915215783198
4915210329929
4915210326922
4915215786058
4915145022517
4915145020905
4915145620562
4915168847789
4915145621697
4915739059681
4915215788383
4915210327995
4915210324111
4915168841508
4915145028716
4915565834290
4915739059101
4915565835241
4915563974205
4915739051830
4915168842453
4915145025873
4915215782053
4915563978460
4915145626594
4915145023463
4915145028069
4915168843594
4915168848445
4915563974329
4915168847195
4915215788368
4915145026030
4915565835810
4915565831749
4915215782754
4915145027734
4915565832612
4915565832233
4915210326330
4915215789677
4915563972786
4915563973581
4915210323564
4915563976335
4915168846192
4915168849489
4915210326913
4915565837038
4915215786417
4915168840308
4915210324370
4915739059355
4915210328960
4915145623952
4915210321766
4915168846180
4915739054981
4915563973193
4915145029468
4915739057380
4915563971492
4915565832243
4915210321688
4915739052929
4915145627541
4915168846581
4915168840638
4915145629558
4915145021226
4915739058472
4915215787887
4915565833898
4915210322208
4915145027654
4915565833908
4915145623680
4915145028721
4915563976835
4915145027895
4915145620771
4915739053261
4915565839945
4915565838418
4915215781813
4915739056437
4915145629517
4915565831672
4915210320213
4915563975708
4915565831552
4915210321533
4915215788770
4915210323139
4915739059154
4915145027284
4915739055758
4915145620112
4915565835783
4915215784638
4915565835690
4915565837919
4915215788861
4915215781582
4915215781117
4915145620326
4915563976579
4915145025363
4915563973491
4915565831731
4915565837121
4915145021149
4915168844022
4915145626949
4915168846111
4915145629060
4915739059190
4915215785324
4915168844280
4915565830735
4915145622632
4915168842822
4915210327081
4915215784116
4915210326101
4915168846261
4915215782357
4915168843972
4915563976550
4915145620288
4915739057520
4915215780268
4915739057469
4915145621849
4915145020756
4915210326723
4915563971150
4915145026788
4915739051304
4915168842136
4915565831393
4915210329494
4915215788026
4915210326832
4915145028160
4915215781709
4915565830234
4915145624059
4915168847590
4915168849479
4915563971167
4915215788815
4915215781773
4915739054914
4915145627837
4915210325920
4915215785964
4915145026507
4915565835600
4915145628666
4915210327145
4915168846249
4915145624091
4915210323281
4915145024089
4915145024152
4915210326154
4915739051091
4915210323070
4915145624093
4915210322438
4915145622698
4915739058210
4915739050441
4915563970760
4915168841788
4915739055968
4915563972233
4915563972612
4915145625633
4915215781879
4915210321216
4915565837774
4915739051542
4915565832067
4915210325073
4915168847434
4915739051877
4915145623986
4915168849235
4915215787475
4915563978593
4915739051772
4915145626422
4915565830877
4915563970669
4915145020536
4915168849425
4915565832574
4915145624452
4915739050549
4915145023980
4915145626637
4915145025518
4915145628210
4915145629509
4915145021493
4915215787125
4915739059090
4915739058484
4915168847218
4915215780895
4915565839344
4915565835598
4915215782652
4915168844024
4915739054394
4915145626084
4915565839472
4915215783294
4915565838165
4915145625067
4915215786667
4915563974230
4915210324079
4915145623539
4915145626975
4915215789527
4915565839799
4915210327236
4915565834818
4915739059575
4915145022368
4915210328629
4915145626291
4915145621398
4915739051099
4915145620388
4915565833046
4915739053083
4915739058015
4915739059514
4915215787087
4915145623164
4915145626116
4915210324416
4915565834720
4915563972937
4915565838353
4915215786635
4915565833901
4915145023099
4915145627166
4915210327800
4915739056189
4915145626905
4915563975635
4915565835831
4915739059667
4915145027671
4915565835118
4915145621751
4915145022151
4915563973370
4915215789010
4915739057182
4915210320185
4915210322228
4915168840393
4915565839431
4915210323909
4915210323098
4915145629015
4915145626968
4915215789059