4917675996121
4917619911220
491638300999
491785692851
4917672710603
4917672862394
4917652844377
491775428180
4917653400684
491778483852
4917658043065
4917678167719
491799899954
4917650960877
4917650986453
4915902442946
491637246775
4915903186162
491778580014
491774340298
491789184050
491639852335
4917670429806
4917677594503
491774633775
491635840368
4915903619648
4917677591769
491771439814
491783967371
4917676430662
4915906621617
491771388910
4917672784426
4917670516006
491781365440
491781862632
4917672119225
491796935309
491788134432
4917676173092
491778330406
4917650960036
4917610326297